,AaegL5_3_315933636_315934361_rnd_4_family_164_LINE_R1+,AaegL5_3_315983763_V1016I_encoding_1,AaegL5_3_315983763_V1016I_encoding_2,AaegL5_3_315999297_I915K_encoding_1,AaegL5_3_315999297_I915K_encoding_2,AaegL5_3_316003069_316003804_rnd_1_family_56_DNA_CMC_Chapaev-,AaegL5_3_316006246_316007022_rnd_1_family_71_DNA-,AaegL5_3_316014588_S723T_encoding_1,AaegL5_3_316014588_S723T_encoding_2,AaegL5_3_316041113_316041796_rnd_1_family_1616_Unknown+,AaegL5_3_316080722_V410L_encoding_1,AaegL5_3_316080722_V410L_encoding_2,AaegL5_3_316105167_316105813_rnd_1_family_421_Unknown_span_316105167_316105813+,AaegL5_3_316117526_316118255_rnd_5_family_1151_DNA+,AaegL5_3_316193062_316193667_rnd_1_family_498_LTR_Copia_span_316193062_316193667-,AaegL5_3_316206189_316206959_rnd_1_family_83_DNA_span_316206189_316206959-,AaegL5_3_316241155_316241849_rnd_1_family_151_Unknown_span_316241155_316241849+,AaegL5_3_316296210_316296873_rnd_1_family_498_LTR_Copia+,AaegL5_3_316305596_316306452_rnd_1_family_520_Unknown_span_316305596_316306452+,AaegL5_3_316319019_316319670_rnd_1_family_463_LTR_Gypsy-,AaegL5_3_316374958_316375606_rnd_5_family_648_Unknown_span_316374958_316375606+,AaegL5_3_316391237_316391898_rnd_4_family_879_Unknown_span_316391237_316391898-,AaegL5_3_316394855_316395551_rnd_1_family_448_Unknown_span_316394855_316395551-
AaegL5_3_315933636_315934361_rnd_4_family_164_LINE_R1+,1.0,,,,,,,,,,,,,,,,,,,,,,
AaegL5_3_315983763_V1016I_encoding_1,,1.0,0.07999999999999996,0.9999999999999993,0.07999999999999996,0.7124999999999999,0.28125,0.7125000000000004,0.09642857142857136,,0.9999999999999993,0.07999999999999996,0.052941176470587846,0.02249999999999999,0.02249999999999999,,,0.012626262626262643,0.01185185185185173,,0.014285714285714275,0.014285714285714275,0.0021164021164021564
AaegL5_3_315983763_V1016I_encoding_2,,0.07999999999999996,1.0,0.07999999999999996,1.0,0.11228070175438595,0.1167361111111111,0.11228070175438606,0.8296296296296294,,0.07999999999999996,1.0,0.18823529411764717,0.00013888888888888848,0.00013888888888888848,,,0.11136363636363639,0.14814814814814814,,0.009722222222222222,0.05079365079365078,0.0447089947089947
AaegL5_3_315999297_I915K_encoding_1,,0.9999999999999993,0.07999999999999996,1.0,0.07999999999999996,0.7124999999999999,0.28125,0.7125000000000004,0.09642857142857136,,0.9999999999999993,0.07999999999999996,0.052941176470587846,0.02249999999999999,0.02249999999999999,,,0.012626262626262643,0.01185185185185173,,0.014285714285714275,0.014285714285714275,0.0021164021164021564
AaegL5_3_315999297_I915K_encoding_2,,0.07999999999999996,1.0,0.07999999999999996,1.0,0.11228070175438595,0.1167361111111111,0.11228070175438606,0.8296296296296294,,0.07999999999999996,1.0,0.18823529411764717,0.00013888888888888848,0.00013888888888888848,,,0.11136363636363639,0.14814814814814814,,0.009722222222222222,0.05079365079365078,0.0447089947089947
AaegL5_3_316003069_316003804_rnd_1_family_56_DNA_CMC_Chapaev-,,0.7124999999999999,0.11228070175438595,0.7124999999999999,0.11228070175438595,1.0,0.39473684210526316,0.48632271468144034,0.13533834586466165,,0.7124999999999999,0.11228070175438595,0.07430340557275548,0.03157894736842105,0.03157894736842105,,,0.04395933014354069,0.0013157894736842103,,0.020050125313283203,0.020050125313283203,0.010442773600668337
AaegL5_3_316006246_316007022_rnd_1_family_71_DNA-,,0.28125,0.1167361111111111,0.28125,0.1167361111111111,0.39473684210526316,1.0,0.15010964912280694,0.04470899470899469,,0.28125,0.1167361111111111,0.05106209150326811,0.0001388888888888885,0.0001388888888888885,,,0.022790404040404055,0.003333333333333332,,0.05079365079365079,0.009722222222222226,0.000595238095238095
AaegL5_3_316014588_S723T_encoding_1,,0.7125000000000004,0.11228070175438606,0.7125000000000004,0.11228070175438606,0.48632271468144034,0.15010964912280694,1.0,0.13533834586466162,,0.7125000000000004,0.11228070175438606,0.0001289989680082432,0.03157894736842104,0.03157894736842104,,,0.0003987240829346052,0.09883040935672478,,0.020050125313283224,0.020050125313283224,0.01764828738512951
AaegL5_3_316014588_S723T_encoding_2,,0.09642857142857136,0.8296296296296294,0.09642857142857136,0.8296296296296294,0.13533834586466165,0.04470899470899469,0.13533834586466162,1.0,,0.09642857142857136,0.8296296296296294,0.07477435418611887,0.002116402116402118,0.002116402116402118,,,0.05411255411255409,0.17857142857142846,,0.004724111866969009,0.06122448979591836,0.009070294784580471
AaegL5_3_316041113_316041796_rnd_1_family_1616_Unknown+,,,,,,,,,,1.0,,,,,,,,,,,,,
AaegL5_3_316080722_V410L_encoding_1,,0.9999999999999993,0.07999999999999996,0.9999999999999993,0.07999999999999996,0.7124999999999999,0.28125,0.7125000000000004,0.09642857142857136,,1.0,0.07999999999999996,0.052941176470587846,0.02249999999999999,0.02249999999999999,,,0.012626262626262643,0.01185185185185173,,0.014285714285714275,0.014285714285714275,0.0021164021164021564
AaegL5_3_316080722_V410L_encoding_2,,0.07999999999999996,1.0,0.07999999999999996,1.0,0.11228070175438595,0.1167361111111111,0.11228070175438606,0.8296296296296294,,0.07999999999999996,1.0,0.18823529411764717,0.00013888888888888848,0.00013888888888888848,,,0.11136363636363639,0.14814814814814814,,0.009722222222222222,0.05079365079365078,0.0447089947089947
AaegL5_3_316105167_316105813_rnd_1_family_421_Unknown_span_316105167_316105813+,,0.052941176470587846,0.18823529411764717,0.052941176470587846,0.18823529411764717,0.07430340557275548,0.05106209150326811,0.0001289989680082432,0.07477435418611887,,0.052941176470587846,0.18823529411764717,1.0,0.05294117647058824,0.12810457516339863,,,0.17832739156268582,0.027886710239651544,,0.03361344537815128,0.028244631185807622,0.017507002801120438
AaegL5_3_316117526_316118255_rnd_5_family_1151_DNA+,,0.02249999999999999,0.00013888888888888848,0.02249999999999999,0.00013888888888888848,0.03157894736842105,0.0001388888888888885,0.03157894736842104,0.002116402116402118,,0.02249999999999999,0.00013888888888888848,0.05294117647058824,1.0,0.022500000000000003,,,0.012626262626262626,0.01185185185185186,,0.014285714285714284,0.1146825396825397,0.047751322751322774
AaegL5_3_316193062_316193667_rnd_1_family_498_LTR_Copia_span_316193062_316193667-,,0.02249999999999999,0.00013888888888888848,0.02249999999999999,0.00013888888888888848,0.03157894736842105,0.0001388888888888885,0.03157894736842104,0.002116402116402118,,0.02249999999999999,0.00013888888888888848,0.12810457516339863,0.022500000000000003,1.0,,,0.021338383838383834,0.01185185185185186,,0.014285714285714284,0.1146825396825397,0.09642857142857138
AaegL5_3_316206189_316206959_rnd_1_family_83_DNA_span_316206189_316206959-,,,,,,,,,,,,,,,,1.0,,,,,,,
AaegL5_3_316241155_316241849_rnd_1_family_151_Unknown_span_316241155_316241849+,,,,,,,,,,,,,,,,,1.0,,,,,,
AaegL5_3_316296210_316296873_rnd_1_family_498_LTR_Copia+,,0.012626262626262643,0.11136363636363639,0.012626262626262643,0.11136363636363639,0.04395933014354069,0.022790404040404055,0.0003987240829346052,0.05411255411255409,,0.012626262626262643,0.11136363636363639,0.17832739156268582,0.012626262626262626,0.021338383838383834,,,1.0,0.303030303030303,,0.0873015873015873,0.00018037518037517983,0.0029461279461279535
AaegL5_3_316305596_316306452_rnd_1_family_520_Unknown_span_316305596_316306452+,,0.01185185185185173,0.14814814814814814,0.01185185185185173,0.14814814814814814,0.0013157894736842103,0.003333333333333332,0.09883040935672478,0.17857142857142846,,0.01185185185185173,0.14814814814814814,0.027886710239651544,0.01185185185185186,0.01185185185185186,,,0.303030303030303,1.0,,0.026455026455026454,0.0447089947089947,0.04268077601410948
AaegL5_3_316319019_316319670_rnd_1_family_463_LTR_Gypsy-,,,,,,,,,,,,,,,,,,,,1.0,,,
AaegL5_3_316374958_316375606_rnd_5_family_648_Unknown_span_316374958_316375606+,,0.014285714285714275,0.009722222222222222,0.014285714285714275,0.009722222222222222,0.020050125313283203,0.05079365079365079,0.020050125313283224,0.004724111866969009,,0.014285714285714275,0.009722222222222222,0.03361344537815128,0.014285714285714284,0.014285714285714284,,,0.0873015873015873,0.026455026455026454,,1.0,0.009070294784580497,0.06122448979591836
AaegL5_3_316391237_316391898_rnd_4_family_879_Unknown_span_316391237_316391898-,,0.014285714285714275,0.05079365079365078,0.014285714285714275,0.05079365079365078,0.020050125313283203,0.009722222222222226,0.020050125313283224,0.06122448979591836,,0.014285714285714275,0.05079365079365078,0.028244631185807622,0.1146825396825397,0.1146825396825397,,,0.00018037518037517983,0.0447089947089947,,0.009070294784580497,1.0,0.06122448979591836
AaegL5_3_316394855_316395551_rnd_1_family_448_Unknown_span_316394855_316395551-,,0.0021164021164021564,0.0447089947089947,0.0021164021164021564,0.0447089947089947,0.010442773600668337,0.000595238095238095,0.01764828738512951,0.009070294784580471,,0.0021164021164021564,0.0447089947089947,0.017507002801120438,0.047751322751322774,0.09642857142857138,,,0.0029461279461279535,0.04268077601410948,,0.06122448979591836,0.06122448979591836,1.0
