,AaegL5_2_41623377_41624289_rnd_4_family_2065_DNA_hAT_Tip100+,AaegL5_2_41632276_41633171_rnd_5_family_5306_Unknown_span_41632276_41633171+,AaegL5_2_41632379_41633077_rnd_2_family_47_DNA_TcMar_Fot1_span_41632379_41633077-,AaegL5_2_41649097_41649769_rnd_3_family_1017_DNA_TcMar-,AaegL5_2_41663201_41663807_rnd_6_family_2717_Unknown_span_41663201_41663807+,AaegL5_2_41725574_41726326_rnd_5_family_3694_DNA_CMC_Chapaev-,AaegL5_2_41731181_41731869_rnd_6_family_1788_DNA_TcMar_Fot1-,AaegL5_2_41797105_41797752_rnd_6_family_1435_DNA_TcMar_span_41797105_41797752+,AaegL5_2_41841969_41842781_rnd_1_family_411_Unknown-,AaegL5_2_41847790_A301S_encoding_1,AaegL5_2_41847790_A301S_encoding_2,AaegL5_2_41855914_41856604_rnd_1_family_34_SINE_tRNA_span_41855914_41856604-
AaegL5_2_41623377_41624289_rnd_4_family_2065_DNA_hAT_Tip100+,1.0,0.010805626598465467,0.010805626598465467,0.7187500000000001,0.03396739130434778,0.026630434782608684,0.1706049149338374,0.039525691699604765,0.21809006211180126,0.0657608695652174,0.03952569169960474,
AaegL5_2_41632276_41633171_rnd_5_family_5306_Unknown_span_41632276_41633171+,0.010805626598465467,1.0,0.9999999999999998,0.0007352941176470572,0.07352941176470598,0.0047058823529411665,0.012531969309462923,0.0008556149732620126,0.06067226890756302,0.14235294117647068,0.0008556149732620344,
AaegL5_2_41632379_41633077_rnd_2_family_47_DNA_TcMar_Fot1_span_41632379_41633077-,0.010805626598465467,0.9999999999999998,1.0,0.0007352941176470572,0.07352941176470598,0.0047058823529411665,0.012531969309462923,0.0008556149732620126,0.06067226890756302,0.14235294117647068,0.0008556149732620344,
AaegL5_2_41649097_41649769_rnd_3_family_1017_DNA_TcMar-,0.7187500000000001,0.0007352941176470572,0.0007352941176470572,1.0,0.015624999999999991,0.0062499999999999995,0.26630434782608703,0.02840909090909091,0.10803571428571432,0.025,0.0284090909090909,
AaegL5_2_41663201_41663807_rnd_6_family_2717_Unknown_span_41663201_41663807+,0.03396739130434778,0.07352941176470598,0.07352941176470598,0.015624999999999991,1.0,0.09999999999999996,0.021739130434782622,0.01818181818181825,0.0035714285714285626,0.024999999999999984,0.02840909090909095,
AaegL5_2_41725574_41726326_rnd_5_family_3694_DNA_CMC_Chapaev-,0.026630434782608684,0.0047058823529411665,0.0047058823529411665,0.0062499999999999995,0.09999999999999996,1.0,0.026630434782608684,0.0018181818181818258,0.0003571428571428564,0.25,0.11636363636363638,
AaegL5_2_41731181_41731869_rnd_6_family_1788_DNA_TcMar_Fot1-,0.1706049149338374,0.012531969309462923,0.012531969309462923,0.26630434782608703,0.021739130434782622,0.026630434782608684,1.0,0.0048418972332015696,7.763975155279487e-05,0.002173913043478263,0.004841897233201584,
AaegL5_2_41797105_41797752_rnd_6_family_1435_DNA_TcMar_span_41797105_41797752+,0.039525691699604765,0.0008556149732620126,0.0008556149732620126,0.02840909090909091,0.01818181818181825,0.0018181818181818258,0.0048418972332015696,1.0,0.07954545454545459,0.05500000000000003,0.06950413223140493,
AaegL5_2_41841969_41842781_rnd_1_family_411_Unknown-,0.21809006211180126,0.06067226890756302,0.06067226890756302,0.10803571428571432,0.0035714285714285626,0.0003571428571428564,7.763975155279487e-05,0.07954545454545459,1.0,0.035714285714285685,0.0041558441558441515,
AaegL5_2_41847790_A301S_encoding_1,0.0657608695652174,0.14235294117647068,0.14235294117647068,0.025,0.024999999999999984,0.25,0.002173913043478263,0.05500000000000003,0.035714285714285685,1.0,0.18181818181818177,
AaegL5_2_41847790_A301S_encoding_2,0.03952569169960474,0.0008556149732620344,0.0008556149732620344,0.0284090909090909,0.02840909090909095,0.11636363636363638,0.004841897233201584,0.06950413223140493,0.0041558441558441515,0.18181818181818177,1.0,
AaegL5_2_41855914_41856604_rnd_1_family_34_SINE_tRNA_span_41855914_41856604-,,,,,,,,,,,,1.0
